Found 1908 moving points
Lap end: 51
24.734488 46.699482
24.734488 46.699482
24.734488 46.699482
24.734488 46.699482
24.734488 46.699482
24.734488 46.699482
24.734488 46.699482
24.734484 46.699486
24.734484 46.699486
24.734484 46.699486
24.734484 46.699486
24.734484 46.699486
24.734484 46.699486
24.734484 46.699486
24.734484 46.699486
24.734476 46.699490
24.734476 46.699490
24.734476 46.699490
24.734476 46.699490
24.734476 46.699490
24.734476 46.699490
24.734468 46.699493
24.734468 46.699493
24.734468 46.699493
24.734468 46.699493
24.734468 46.699493
24.734468 46.699493
24.734459 46.699501
24.734459 46.699501
24.734459 46.699501
24.734459 46.699501
24.734459 46.699501
24.734459 46.699501
24.734459 46.699501
24.734459 46.699501
24.734447 46.699505
24.734447 46.699505
24.734447 46.699505
24.734447 46.699505
24.734447 46.699505
24.734447 46.699505
24.734432 46.699509
24.734432 46.699509
24.734432 46.699509
24.734432 46.699509
24.734432 46.699509
24.734432 46.699509
24.734432 46.699509
24.734417 46.699516
24.734417 46.699516
24.734417 46.699516
24.734417 46.699516
24.734417 46.699516
24.734417 46.699516
24.734417 46.699516
24.734488 46.699482
