outline: [
    [24.734488, 46.699482],
    [24.734484, 46.699486],
    [24.734476, 46.699490],
    [24.734459, 46.699501],
    [24.734447, 46.699505],
    [24.734417, 46.699516],
    [24.734398, 46.699516],
    [24.734362, 46.699512],
    [24.734343, 46.699509],
    [24.734324, 46.699505],
    [24.734289, 46.699501],
    [24.734274, 46.699501],
    [24.734251, 46.699497],
    [24.734240, 46.699497],
    [24.734215, 46.699486],
    [24.734135, 46.699337],
    [24.734133, 46.699276],
    [24.734137, 46.699245],
    [24.734158, 46.699188],
    [24.734173, 46.699165],
    [24.734207, 46.699127],
    [24.734228, 46.699112],
    [24.734249, 46.699100],
    [24.734293, 46.699074],
    [24.734314, 46.699055],
    [24.734350, 46.699005],
    [24.734362, 46.698971],
    [24.734381, 46.698898],
    [24.734394, 46.698860],
    [24.734413, 46.698822],
    [24.734467, 46.698738],
    [24.734505, 46.698696],
    [24.734598, 46.698624],
    [24.734652, 46.698601],
    [24.734755, 46.698570],
    [24.734808, 46.698570],
    [24.734858, 46.698578],
    [24.734941, 46.698620],
    [24.734976, 46.698650],
    [24.735022, 46.698727],
    [24.735035, 46.698772],
    [24.735029, 46.698860],
    [24.735016, 46.698898],
    [24.734978, 46.698982],
    [24.734961, 46.699024],
    [24.734951, 46.699066],
    [24.734938, 46.699150],
    [24.734943, 46.699192],
    [24.734968, 46.699265],
    [24.734976, 46.699299],
    [24.734985, 46.699371],
    [24.734991, 46.699409],
    [24.734995, 46.699440],
    [24.734924, 46.699482],
    [24.734814, 46.699459],
    [24.734488, 46.699482],
]

center: [24.7346, 46.6991]
