outline: [
    [24.735426, 46.702805],
    [24.73542, 46.702797],
    [24.735409, 46.702774],
    [24.735395, 46.702736],
    [24.735369, 46.702667],
    [24.73535, 46.70261],
    [24.735327, 46.702553],
    [24.735291, 46.702454],
    [24.735264, 46.702385],
    [24.735237, 46.702309],
    [24.735209, 46.702225],
    [24.735159, 46.702103],
    [24.735123, 46.702015],
    [24.73509, 46.701923],
    [24.735041, 46.701782],
    [24.735003, 46.701687],
    [24.734959, 46.701591],
    [24.734913, 46.701492],
    [24.734844, 46.701336],
    [24.734798, 46.701225],
    [24.734755, 46.701115],
    [24.734686, 46.700947],
    [24.734636, 46.700836],
    [24.734587, 46.700722],
    [24.734537, 46.700603],
    [24.734486, 46.700439],
    [24.734463, 46.700352],
    [24.734453, 46.700279],
    [24.734411, 46.700222],
    [24.734386, 46.700226],
    [24.734369, 46.700245],
    [24.734373, 46.700287],
    [24.734388, 46.700329],
    [24.734409, 46.700378],
    [24.734436, 46.700439],
    [24.734476, 46.700539],
    [24.734509, 46.700607],
    [24.734543, 46.700684],
    [24.734604, 46.700798],
    [24.734646, 46.700874],
    [24.73468, 46.700954],
    [24.734713, 46.701038],
    [24.734758, 46.701168],
    [24.734791, 46.701256],
    [24.734823, 46.701344],
    [24.73488, 46.701477],
    [24.734917, 46.701569],
    [24.734955, 46.70166],
    [24.734993, 46.701756],
    [24.73505, 46.701904],
    [24.735092, 46.702007],
    [24.735136, 46.702118],
    [24.73521, 46.702297],
    [24.73526, 46.702419],
    [24.735302, 46.702526],
    [24.735426, 46.702805],
]

center: [24.7348886785714, 46.7014765714286]

